300
221 238
162 224
166 281
36 97
230 282
52 74
50 256
110 291
244 274
29 64
123 199
150 247
117 188
208 231
34 188
54 293
246 277
169 217
271 288
53 61
79 204
97 108
137 215
32 292
82 279
99 243
78 108
133 262
215 250
262 299
50 220
8 180
124 136
141 206
226 295
96 286
15 284
31 194
37 143
182 263
204 286
157 298
212 229
45 91
131 195
143 189
216 234
126 281
130 249
142 298
6 282
13 29
17 198
30 63
245 266
199 213
74 203
191 226
63 81
49 79
69 92
144 292
88 283
47 123
72 141
81 266
107 233
2 106
30 296
55 186
44 91
259 276
54 295
45 247
55 66
169 264
50 163
244 266
85 250
121 154
7 261
74 75
122 296
83 126
36 221
1 209
35 287
85 268
45 266
144 252
36 77
24 26
15 33
72 110
34 96
174 175
37 66
123 249
112 277
112 137
231 297
34 259
173 280
21 129
136 141
169 203
5 240
48 173
244 270
80 216
39 109
202 242
36 235
77 278
75 171
19 276
64 132
141 229
0 276
31 283
74 98
3 140
77 132
135 138
257 284
23 30
23 148
247 266
119 264
176 274
243 285
248 285
38 157
173 292
57 275
143 231
124 274
45 59
200 293
106 135
21 37
87 111
107 210
87 164
215 289
5 123
9 20
100 202
152 295
176 240
44 241
141 199
118 239
172 298
50 208
72 220
138 177
236 288
101 179
226 297
153 287
254 287
42 192
141 212
12 46
114 260
194 263
41 226
139 183
159 238
50 161
212 232
73 99
76 151
201 238
215 245
14 272
88 259
52 152
131 185
29 158
150 231
11 149
24 138
18 223
24 106
42 290
46 127
42 102
118 139
83 143
184 186
84 249
140 251
18 31
33 251
111 170
79 261
13 153
41 62
121 253
13 223
63 108
13 181
89 122
165 293
229 259
64 148
240 276
29 121
229 279
10 157
127 239
89 195
85 199
184 221
183 299
123 297
77 114
128 222
135 211
66 293
122 265
92 213
171 220
17 116
39 201
130 219
40 54
104 149
258 269
63 173
95 171
209 224
144 162
27 50
129 282
35 226
139 257
97 173
56 246
136 265
51 137
21 221
27 231
134 157
57 72
161 232
211 291
99 232
28 108
15 90
106 140
4 96
180 264
24 75
75 130
190 216
16 112
140 217
202 272
234 289
16 42
29 129
137 275
138 235
72 255
75 155
78 255
62 85
38 239
193 244
54 269
13 159
13 40
18 177
77 200
94 212
121 223
50 123
59 208
123 293
70 86
33 43
122 291
72 238
179 258
63 183
32 188
292 294
8 173
16 231
118 235
119 194
137 158
44 67
4 129
14 92
156 290
21 240
90 289
148 297
72 245
30 91
70 193
36 107
38 183
39 261
154 248
106 275
68 148
195 241
138 207
34 244
54 58
25 290
114 234
111 211
100 299
29 249
258 282
92 269
94 231
111 264
86 114
155 251
67 88
18 98
26 241
132 152
4 162
35 191
8 64
21 121
34 167
169 205
188 257
152 195
217 230
60 260
9 192
42 74
249 295
95 161
121 289
46 70
97 207
106 139
7 260
100 290
48 55
101 298
146 178
164 224
11 298
284 285
132 298
151 225
256 279
207 242
22 273
52 158
261 299
129 267
223 287
116 136
57 130
49 175
21 34
8 182
73 294
172 258
48 157
82 171
27 126
138 223
10 259
11 176
21 239
126 188
10 133
168 227
209 290
121 296
254 274
149 287
105 272
0 142
89 91
227 251
107 175
237 273
50 234
2 172
161 268
32 284
40 159
13 162
3 44
112 203
18 19
94 244
17 52
71 237
14 79
39 213
4 126
7 207
48 286
92 235
123 227
162 238
256 273
27 136
56 228
7 40
19 154
56 116
55 94
0 244
74 201
42 45
38 59
61 182
183 296
147 170
128 293
227 236
92 187
11 35
91 216
11 30
179 245
13 198
46 147
145 166
37 274
56 93
98 290
28 116
39 278
103 214
269 295
238 244
66 149
81 192
148 294
201 295
47 220
46 233
6 190
42 259
220 226
108 288
24 283
157 186
134 189
204 278
7 160
162 294
195 266
58 126
121 134
193 228
258 298
140 142
79 271
20 296
122 200
32 263
71 291
118 228
120 212
4 146
7 216
1 69
259 289
69 259
122 162
28 100
7 201
137 146
168 246
274 275
12 120
66 78
35 46
96 162
128 208
191 274
96 214
232 274
28 125
44 295
238 279
154 160
53 105
104 260
110 186
109 124
197 248
97 112
14 289
85 168
151 179
97 221
48 107
58 214
127 173
127 189
17 270
41 116
202 281
36 109
8 254
198 290
10 122
234 284
124 134
112 216
151 249
14 190
185 250
38 201
107 151
13 95
15 28
147 158
192 195
60 248
75 128
40 245
3 4
33 292
53 268
120 153
185 222
249 260
289 297
143 256
220 250
34 283
114 143
99 281
23 291
114 296
123 180
191 228
5 15
31 289
35 251
19 291
73 266
51 255
207 223
28 121
245 272
166 206
225 275
156 159
181 237
65 264
207 290
114 271
119 238
38 113
80 114
34 216
41 212
236 289
52 279
135 220
131 137
86 192
166 282
30 280
127 200
17 210
20 117
90 196
106 171
71 224
19 217
114 162
151 291
36 159
103 134
112 235
68 150
108 259
39 72
71 145
127 174
228 268
39 69
80 262
96 149
121 239
18 143
233 296
16 73
183 276
80 223
120 131
214 292
139 234
124 180
69 299
59 196
80 189
164 205
27 73
200 258
89 96
140 175
246 288
74 278
140 206
82 157
126 293
137 171
205 277
44 149
57 263
95 198
133 250
244 293
98 266
18 35
170 263
32 250
107 129
18 287
109 223
41 63
0 257
21 104
32 54
20 242
172 201
54 133
62 93
8 183
82 245
156 276
73 255
155 273
263 283
106 185
53 274
131 134
34 138
6 269
20 87
86 102
192 294
58 102
100 231
221 294
28 133
144 169
27 124
97 251
122 260
92 292
160 239
126 287
122 229
76 285
103 171
98 298
242 277
21 141
221 225
107 227
1 141
16 125
24 194
12 217
194 214
56 244
192 240
199 215
200 240
81 288
53 113
143 289
154 180
33 227
186 212
131 283
131 246
149 155
109 250
163 203
101 177
11 184
36 38
6 148
94 197
33 286
150 260
243 272
107 164
170 192
101 176
79 96
176 282
176 241
115 194
19 243
144 205
192 283
61 121
164 171
64 176
75 292
6 114
78 269
73 276
75 201
66 257
27 288
257 286
76 89
102 191
159 173
185 207
76 212
119 240
135 178
127 141
40 166
58 142
129 137
58 76
104 144
104 172
135 261
120 148
199 235
83 247
43 120
127 165
6 230
108 262
80 158
7 158
124 164
18 171
34 183
133 295
4 52
39 163
32 64
221 287
43 169
196 254
30 104
123 278
106 295
20 98
32 203
187 252
1 102
135 279
119 230
200 282
213 245
34 235
73 163
128 185
171 262
11 17
50 131
129 195
3 119
140 152
170 298
13 263
153 202
267 281
47 280
122 180
103 132
48 188
39 99
125 181
4 56
19 160
52 81
53 261
23 96
35 231
171 296
29 258
53 285
154 214
1 231
19 225
260 266
19 70
179 198
2 179
19 21
30 152
115 126
278 287
234 293
62 65
38 289
137 172
201 242
159 160
11 153
142 178
85 222
77 275
218 253
72 164
69 124
55 135
123 262
0 285
75 242
140 173
149 228
185 239
243 247
141 230
95 167
155 248
197 233
53 204
87 142
75 153
99 182
70 114
75 231
97 146
60 194
61 91
144 241
3 62
105 134
226 251
25 217
136 288
263 286
15 60
44 225
135 168
206 290
69 281
74 84
46 68
54 100
26 249
58 256
94 255
55 283
168 222
52 197
57 167
139 298
159 286
220 253
100 286
171 178
12 33
233 270
242 291
135 153
6 27
198 214
119 277
157 187
17 132
67 142
58 216
20 62
49 265
90 158
1 167
53 179
75 240
12 247
80 298
28 282
16 262
98 188
98 220
91 255
160 224
47 216
88 188
26 242
95 181
141 272
81 240
174 210
243 295
50 193
253 257
76 244
86 88
111 226
117 184
21 109
167 245
81 154
20 78
32 174
169 216
159 253
36 211
90 187
113 243
102 208
46 105
99 117
29 190
63 229
17 92
44 159
122 216
28 119
109 150
148 206
264 277
104 222
172 225
92 172
109 116
9 119
62 126
142 280
126 260
6 100
21 25
204 221
248 292
35 230
4 238
84 218
118 179
9 179
44 46
150 213
15 191
56 298
2 133
54 75
29 77
35 42
207 273
95 189
72 125
168 256
136 144
153 237
112 139
35 250
5 266
23 132
155 242
191 277
198 268
1 238
115 161
49 133
197 247
164 278
94 202
89 137
29 265
166 273
27 279
107 290
91 297
1 105
50 174
18 128
56 278
87 98
16 272
210 256
4 102
59 76
72 263
210 215
100 240
200 277
56 141
289 299
14 277
272 276
116 124
121 271
64 72
155 215
120 218
136 242
34 269
6 36
177 283
147 236
15 239
71 255
50 87
90 219
114 136
21 177
243 275
66 249
182 268
183 201
40 158
165 241
176 200
77 257
111 185
72 84
97 219
130 215
32 167
81 286
163 223
8 229
118 289
50 120
102 112
49 87
79 287
122 242
20 289
177 205
13 88
179 224
81 181
55 122
107 215
26 187
78 99
81 215
16 278
122 237
4 270
5 96
36 255
144 146
16 51
76 297
196 245
9 255
23 38
44 287
132 265
50 137
170 197
38 129
125 253
36 79
190 256
94 298
50 118
109 165
43 233
174 253
104 137
25 177
36 64
49 94
39 268
130 208
107 199
247 284
34 113
230 294
114 267
161 239
208 260
218 225
79 125
91 194
99 229
17 275
119 297
30 298
147 190
126 250
81 257
164 242
23 286
191 205
125 220
220 268
233 287
226 242
91 146
199 200
174 225
166 223
80 239
134 245
34 166
76 288
170 270
134 251
126 210
31 173
114 194
218 297
171 270
46 52
182 292
130 198
27 236
86 228
76 298
153 296
38 171
60 126
60 181
54 178
154 226
84 254
4 206
113 225
11 85
221 246
84 186
90 151
30 290
44 54
122 125
43 46
77 129
37 175
58 263
203 273
193 271
250 263
223 277
89 163
126 204
72 102
66 239
143 187
39 288
60 282
7 227
16 136
149 171
215 277
50 70
57 78
157 282
16 31
196 201
44 190
164 281
14 138
46 123
5 114
70 94
47 116
96 227
264 278
20 93
89 271
231 294
121 264
67 238
70 246
79 272
39 205
48 271
177 219
96 217
116 157
73 181
83 218
6 13
158 217
176 183
279 285
48 143
75 127
16 153
87 107
73 175
36 292
135 146
23 189
49 148
205 222
9 80
16 62
7 171
101 226
197 220
40 82
118 195
73 216
220 286
177 237
62 101
116 299
43 123
63 92
69 293
120 210
207 237
123 132
165 295
46 257
70 159
65 179
74 217
5 192
182 293
53 253
208 235
210 219
107 198
131 272
48 50
127 225
185 277
40 56
52 84
144 180
101 288
118 224
54 211
93 288
50 124
28 139
120 184
141 143
104 289
206 249
30 192
99 197
126 245
55 93
234 246
57 274
67 71
2 46
142 183
4 98
70 267
204 229
124 243
90 293
144 207
13 215
28 220
96 152
140 171
17 199
34 133
12 80
71 196
75 108
56 83
71 101
84 206
122 126
161 216
127 220
149 229
41 66
127 161
136 143
153 250
120 157
12 13
220 257
81 275
280 286
193 200
240 292
25 107
32 252
43 166
96 213
208 248
12 221
8 143
12 86
21 168
126 205
24 210
145 264
8 12
171 282
189 229
258 292
16 116
60 61
27 203
5 45
114 232
143 145
43 235
112 118
81 89
58 236
23 40
205 292
34 56
253 274
13 175
117 180
61 272
79 180
5 20
31 96
105 259
205 297
70 297
141 194
53 115
164 249
181 259
123 131
6 85
48 245
62 77
81 186
82 94
32 87
131 252
140 282
120 198
162 283
48 209
55 64
0 130
87 230
87 112
161 254
178 180
