300
228 268
168 194
171 256
37 72
238 239
53 65
52 108
112 252
247 290
30 201
127 145
158 278
118 137
213 287
34 249
56 154
249 267
174 180
274 290
54 77
80 94
100 162
143 223
33 276
85 244
103 280
79 111
139 154
222 224
270 284
51 299
9 44
128 209
147 286
233 258
100 148
16 210
32 137
38 142
184 282
207 270
164 296
217 265
45 182
137 218
151 166
222 250
132 200
136 230
149 289
7 153
13 290
18 265
31 76
248 299
200 203
72 213
192 196
64 76
48 272
66 236
155 220
90 253
46 218
69 180
84 239
111 185
1 193
31 262
57 244
44 169
267 294
56 170
45 217
56 182
174 188
50 279
247 257
88 162
123 247
8 264
71 184
126 174
85 265
37 210
1 46
36 272
88 225
45 267
154 244
37 49
26 284
16 110
69 140
34 75
179 194
38 98
127 188
113 285
113 157
239 246
35 100
178 279
24 298
141 265
173 207
4 289
48 115
247 275
82 151
40 273
203 262
37 267
79 85
74 140
22 273
64 261
149 165
0 135
32 171
71 266
2 248
78 244
140 148
262 280
25 199
26 125
251 273
121 210
181 223
245 273
252 287
39 173
179 181
60 82
151 178
129 215
45 174
202 238
108 249
24 161
89 220
110 258
90 133
222 226
4 219
9 266
104 124
160 200
180 277
45 104
147 163
119 294
178 262
51 222
69 237
143 270
242 257
105 223
233 285
160 260
260 289
43 231
148 281
13 30
115 285
195 281
43 151
144 221
165 177
50 251
218 222
70 78
76 156
202 247
221 259
15 265
90 251
53 224
136 274
30 293
158 259
11 245
27 88
20 169
27 50
43 259
46 161
43 201
119 122
86 142
188 224
87 134
146 232
19 298
34 43
112 277
80 98
14 169
42 202
123 290
15 111
64 87
15 80
91 190
170 212
234 266
64 276
243 278
30 281
237 240
10 280
134 187
92 159
88 126
188 226
188 209
128 191
78 188
135 157
140 262
65 298
125 293
94 264
175 285
18 130
41 48
136 214
41 257
107 113
263 266
64 117
98 105
215 288
152 167
28 77
135 298
35 244
144 271
101 111
58 288
142 242
52 220
25 121
28 245
139 164
59 143
166 260
217 254
103 252
29 120
16 141
108 258
3 16
184 214
27 32
73 255
191 204
16 261
146 159
204 214
241 294
16 224
30 289
143 226
144 181
69 289
74 110
79 130
63 195
40 61
194 216
56 136
14 173
13 293
20 144
78 250
95 292
123 281
50 110
61 160
128 137
67 104
33 283
125 296
69 244
184 199
64 129
33 142
9 42
17 108
119 250
120 165
143 174
44 134
3 168
15 159
164 239
25 149
93 141
157 214
69 286
31 114
67 228
37 115
39 193
41 180
163 228
109 200
66 195
195 282
143 291
35 83
55 162
27 197
115 242
113 121
105 110
31 42
263 282
95 163
96 175
113 153
89 160
163 264
66 152
20 64
27 283
138 212
3 288
35 242
9 13
24 286
34 102
173 213
189 283
160 178
223 251
62 250
9 298
43 200
254 284
97 226
124 184
46 101
101 115
108 252
8 246
104 285
48 50
105 246
156 221
169 297
12 183
293 298
138 270
159 278
261 297
212 230
25 182
53 235
270 271
135 290
229 298
117 194
59 245
49 96
24 144
9 142
71 127
177 289
48 91
85 233
28 112
144 177
10 291
11 285
25 132
130 221
10 260
172 227
215 292
124 222
257 273
158 233
108 164
0 63
91 121
234 240
110 152
243 265
52 61
2 15
168 186
33 264
42 135
14 273
2 175
113 224
19 254
96 213
18 100
68 219
15 119
41 111
3 162
8 117
48 219
95 152
127 154
168 253
261 276
28 138
58 171
7 202
21 233
58 117
57 103
0 86
72 186
43 193
39 79
62 291
188 194
156 298
135 172
233 299
94 228
11 127
93 260
11 56
183 293
15 85
46 166
156 173
38 223
58 62
102 208
29 141
41 236
106 230
274 287
243 269
65 242
83 240
157 204
203 256
47 98
46 179
6 169
43 237
225 261
112 132
27 119
164 287
139 220
206 277
7 239
169 196
196 197
60 140
123 177
194 202
266 278
144 293
80 209
24 136
125 212
33 244
68 246
119 236
123 165
3 189
8 147
0 220
269 272
66 254
125 198
29 107
8 95
142 297
172 267
277 290
13 193
65 228
35 230
99 197
134 251
193 216
99 257
239 283
29 247
45 157
243 270
161 227
54 84
107 177
112 251
112 144
197 235
100 209
16 96
88 110
159 238
101 185
48 78
60 190
133 184
133 279
19 112
43 79
204 248
37 116
9 181
198 263
10 257
241 260
128 200
113 256
159 293
15 206
189 245
39 296
109 269
14 167
16 102
156 244
193 252
62 152
73 195
42 195
2 115
34 49
54 167
122 248
188 282
253 280
151 179
225 272
35 204
114 228
103 288
26 263
116 133
126 276
192 272
4 120
32 177
36 148
23 70
71 78
52 271
211 251
29 227
249 254
170 294
230 289
164 202
184 262
65 170
213 273
116 131
120 211
39 87
81 286
34 263
43 143
242 273
53 295
140 289
136 267
89 163
171 270
31 178
134 177
19 68
24 35
92 269
109 128
68 159
21 296
114 230
160 169
37 152
106 196
113 268
66 218
111 262
40 247
68 77
133 191
234 257
40 106
82 254
99 107
123 289
20 120
240 298
16 260
187 278
82 164
122 214
221 253
144 251
129 157
66 294
61 149
82 97
169 242
28 81
200 288
91 143
145 170
251 262
72 225
145 174
85 232
132 246
143 182
208 235
44 295
59 267
98 271
138 284
248 257
101 298
20 28
175 184
33 212
109 257
20 256
112 183
42 245
0 126
24 270
32 189
24 75
177 274
55 183
63 222
9 156
85 238
164 209
70 261
163 289
270 299
109 159
54 277
136 244
34 90
7 134
23 98
88 281
193 286
60 125
104 203
229 281
30 61
152 233
28 82
101 279
125 289
95 165
166 180
132 231
125 238
77 146
106 199
102 252
243 288
25 31
227 279
111 166
1 27
17 19
27 94
13 208
195 198
58 206
193 256
200 217
200 241
85 144
54 101
151 236
161 263
34 36
189 268
138 181
137 223
157 228
112 192
169 215
105 219
12 179
36 289
6 142
95 195
34 47
159 195
244 289
109 295
174 253
105 123
79 230
181 272
181 205
117 119
22 268
154 174
193 262
62 290
169 224
65 74
75 221
6 106
79 181
71 121
74 222
65 280
29 61
262 297
76 143
106 111
165 175
188 242
76 211
121 190
140 250
132 299
42 177
60 141
135 187
60 100
106 264
107 135
141 228
122 229
200 224
86 197
43 270
133 181
7 19
111 298
82 95
7 208
128 273
20 132
34 103
139 157
2 249
40 289
32 202
229 243
44 46
196 251
31 145
127 239
109 230
24 34
33 155
189 278
1 25
141 262
120 207
201 284
218 253
35 59
70 174
134 230
176 179
11 34
50 161
135 222
2 242
145 151
175 236
15 116
160 218
272 293
47 174
125 207
106 153
48 134
40 261
129 256
2 267
21 273
53 86
54 148
26 113
36 79
177 235
31 65
55 141
162 279
1 54
22 108
269 299
21 212
183 267
2 88
21 130
31 166
116 157
281 290
242 255
63 95
40 62
143 207
202 291
165 167
11 247
149 233
88 148
79 83
223 276
69 221
66 252
57 198
127 191
0 184
75 197
145 167
158 173
189 242
244 286
149 185
97 250
163 262
196 280
54 123
90 115
73 256
103 158
67 130
74 292
100 221
62 105
62 284
154 237
2 188
107 225
232 299
27 193
142 284
271 280
16 112
45 89
140 226
211 220
66 274
71 203
46 60
55 179
28 53
61 102
96 234
57 260
172 214
53 276
59 251
144 282
165 214
225 274
104 277
175 273
12 287
239 287
244 277
140 190
5 283
197 249
122 152
164 289
18 258
66 159
60 231
23 92
49 120
92 250
1 28
54 112
75 83
13 269
82 276
30 182
17 128
101 295
101 297
93 280
166 173
46 224
90 220
27 293
98 158
149 210
84 177
179 215
246 262
51 196
255 272
77 96
88 262
113 145
118 127
24 284
172 177
83 156
23 95
33 90
173 298
165 199
37 193
92 268
114 203
106 120
46 104
102 269
31 37
64 220
18 108
45 51
125 231
29 191
112 152
157 197
271 289
107 161
177 285
94 190
112 143
9 283
63 274
149 278
132 192
6 72
24 139
206 212
253 264
35 256
4 84
86 258
119 144
9 297
44 82
158 255
16 147
59 139
1 294
55 170
30 239
35 225
212 299
98 197
69 158
172 270
141 283
160 233
113 161
36 80
5 80
26 121
163 252
193 223
198 228
1 96
116 280
49 67
196 289
170 199
95 229
91 269
31 69
171 209
29 30
111 232
94 169
1 26
51 172
20 103
59 101
89 189
17 149
217 238
3 121
61 122
70 73
216 261
104 230
201 277
58 154
16 24
275 296
117 172
124 152
64 222
163 239
123 167
142 167
35 172
6 21
183 220
157 179
16 188
68 241
49 134
92 288
114 223
25 87
245 265
65 278
185 259
186 282
42 94
170 211
180 261
78 270
113 114
68 285
101 136
136 204
32 247
85 124
169 216
9 158
120 150
50 62
105 284
48 282
81 230
125 287
24 95
182 192
14 123
183 282
83 175
57 118
111 143
27 279
79 101
84 132
17 205
125 264
4 119
4 141
37 270
151 254
16 246
78 136
196 248
10 64
25 296
45 120
138 239
50 242
174 263
39 114
130 207
37 63
191 211
96 276
49 264
112 154
44 47
180 222
106 249
27 188
37 40
49 57
41 217
136 166
110 190
252 278
34 83
238 241
115 292
166 279
215 280
223 261
79 290
93 254
103 195
19 180
122 205
31 266
157 170
132 156
84 201
170 184
26 224
191 295
129 268
226 230
240 268
232 295
93 240
198 265
179 223
170 297
82 198
139 262
34 100
77 256
175 217
139 291
131 269
32 42
114 271
223 292
176 224
45 276
186 222
136 161
28 298
89 187
78 148
161 226
39 184
61 280
62 70
55 236
163 206
87 148
4 33
113 289
11 229
228 297
86 230
92 236
31 259
44 90
124 238
43 267
78 194
38 182
61 113
204 297
194 268
255 271
229 296
92 114
131 147
69 91
65 246
150 278
41 241
62 264
8 169
17 45
157 251
222 225
49 124
59 232
164 291
16 215
196 228
45 81
170 205
15 178
46 132
4 145
67 128
46 213
99 288
272 287
23 200
92 228
238 248
123 295
66 172
67 247
81 215
41 104
48 218
182 253
99 259
117 224
70 182
86 149
5 100
165 166
180 224
288 296
48 85
73 187
17 76
89 192
70 179
38 54
140 159
26 203
49 89
207 276
9 278
16 254
8 50
105 224
196 277
41 286
119 170
70 231
227 253
182 278
63 233
117 262
43 273
64 86
66 286
123 151
212 222
126 260
170 248
46 203
67 136
65 81
72 216
4 256
186 262
54 126
214 270
216 292
110 167
138 154
47 288
134 180
189 250
41 268
53 124
152 269
105 242
119 187
55 272
95 176
50 131
30 64
122 294
146 278
107 201
210 290
31 171
103 163
131 271
56 202
241 254
59 286
66 148
1 174
149 266
3 112
67 248
206 214
129 166
93 185
154 180
15 97
30 116
99 182
145 157
18 286
34 84
13 34
68 157
72 242
57 290
68 75
86 231
125 153
166 201
134 179
158 195
43 66
133 166
141 277
160 248
122 260
12 235
225 286
84 252
290 295
194 198
243 286
27 157
33 240
43 295
99 221
214 286
13 264
9 39
13 192
25 58
131 188
27 108
156 217
8 291
177 222
190 259
265 293
16 262
61 273
28 214
4 140
115 134
149 291
44 50
113 155
82 280
60 286
26 36
208 298
34 60
256 288
14 278
117 280
63 66
80 81
4 131
31 272
107 286
210 232
67 252
146 293
54 111
170 186
184 268
126 211
6 61
48 214
63 136
83 230
85 231
32 245
137 289
146 269
123 150
169 173
48 183
56 176
0 49
90 188
89 248
167 280
183 230
