1000
188 775
641 761
651 896
153 994
133 220
344 859
659 982
246 774
258 714
279 345
43 338
80 320
426 775
586 692
196 766
223 811
26 160
317 731
588 602
283 684
580 916
763 798
792 849
404 696
73 170
140 293
43 190
155 299
465 685
231 544
132 333
27 971
119 608
104 897
555 611
953 981
201 887
155 637
53 150
189 824
293 566
369 513
292 906
347 721
78 325
767 932
46 713
391 643
560 934
139 725
229 506
39 442
154 934
598 650
87 940
226 908
7 815
90 526
230 683
64 222
106 620
55 494
339 401
30 445
449 981
211 865
526 833
117 500
416 721
33 966
561 613
81 998
560 889
490 873
931 998
484 906
234 514
326 755
482 695
413 939
315 481
258 904
59 157
450 828
263 336
216 632
256 539
288 910
58 717
419 446
552 649
21 472
186 690
843 854
510 859
653 754
284 578
831 926
370 916
437 922
104 968
643 674
400 488
64 933
130 368
5 267
8 901
73 289
117 967
590 901
681 967
347 774
39 168
281 637
467 975
135 574
603 790
132 462
109 772
138 884
647 704
37 306
370 630
100 933
42 681
56 69
129 879
372 613
333 894
108 759
23 239
16 736
40 448
189 318
528 668
163 405
528 555
251 351
375 449
682 784
81 263
324 785
619 854
179 464
443 538
88 212
385 573
263 733
384 893
416 565
482 594
258 277
278 728
305 757
735 785
94 884
66 529
161 744
330 462
237 773
489 831
95 451
422 630
520 729
414 941
306 469
183 420
551 786
75 643
170 884
254 272
501 978
51 866
69 698
256 587
321 334
640 685
962 998
420 722
577 967
562 680
96 375
760 829
227 859
473 498
150 811
24 650
181 225
251 639
585 768
25 386
956 985
235 356
190 971
145 650
23 106
57 425
431 567
13 554
494 705
170 681
239 903
26 459
500 745
55 935
418 567
664 812
59 524
160 725
213 759
180 677
156 809
558 714
46 94
457 660
418 666
481 959
16 595
58 820
463 520
404 726
163 169
233 444
962 988
90 284
149 675
283 963
176 965
346 541
326 494
567 646
584 925
612 999
454 887
4 353
415 695
12 201
264 340
20 971
604 625
107 952
55 912
332 565
54 263
110 733
456 510
386 731
169 670
251 442
45 485
332 407
294 902
178 423
787 815
68 575
165 216
551 960
499 829
23 945
389 636
8 170
20 146
505 950
115 268
121 950
240 947
369 693
681 703
37 727
426 980
368 844
227 607
71 596
835 973
294 633
520 818
181 460
74 78
475 749
283 367
365 645
629 715
201 298
244 755
308 466
10 380
141 992
781 866
96 321
84 669
242 828
48 227
433 850
381 962
450 628
579 633
241 405
194 503
206 259
910 939
342 516
917 991
431 500
357 802
430 810
423 534
678 989
10 323
114 873
138 843
317 456
554 586
135 605
193 258
458 942
112 802
218 964
227 563
333 826
29 335
36 721
481 999
68 631
288 697
653 992
159 452
275 877
560 722
514 887
35 530
185 826
4 262
459 830
67 481
291 615
221 340
644 884
733 901
280 661
303 425
47 442
218 345
17 143
381 769
420 868
311 586
356 859
120 368
258 424
107 298
204 500
483 582
161 185
381 468
195 431
436 734
586 729
10 100
182 930
204 966
424 922
34 167
261 856
341 500
570 936
72 416
368 379
35 853
261 436
321 415
671 966
781 954
577 845
165 571
507 851
130 848
312 808
538 558
199 730
305 782
127 156
6 750
167 965
719 861
601 678
549 859
87 857
201 506
763 957
285 800
350 558
730 894
228 957
150 526
324 910
493 649
292 867
4 440
530 626
187 464
417 816
1 73
587 780
429 971
250 779
7 168
10 922
345 980
31 826
177 252
230 474
402 707
135 736
44 541
308 808
549 925
79 960
738 882
582 842
520 860
544 965
108 877
712 857
370 591
537 803
220 622
297 345
591 714
8 769
196 263
189 220
300 654
688 750
682 856
219 560
622 666
162 355
209 624
389 663
3 267
45 283
249 735
121 167
423 802
130 879
538 779
324 377
516 950
195 548
370 495
620 942
90 829
416 914
399 901
323 896
32 504
56 378
522 648
127 509
180 475
131 852
676 759
146 499
309 626
370 598
52 301
86 961
658 707
288 786
411 982
31 297
469 591
135 596
436 792
237 999
260 845
671 890
67 155
243 915
377 979
358 669
157 507
347 876
83 118
371 716
33 573
481 834
218 992
364 657
243 812
205 818
727 902
567 845
94 378
205 365
313 746
301 491
186 507
329 827
743 943
142 719
220 994
508 908
550 997
13 632
505 576
314 853
703 990
155 671
207 519
166 848
431 472
101 668
137 924
759 831
411 757
70 142
202 936
156 527
137 333
526 549
881 991
268 514
453 792
498 806
688 901
637 979
276 454
79 212
179 908
0 935
422 469
19 315
240 909
418 504
116 943
723 970
544 807
481 611
335 391
323 631
190 669
64 444
123 297
275 391
105 588
292 961
769 773
72 262
155 994
233 575
462 542
719 743
204 278
341 515
503 907
248 251
171 775
347 613
723 756
605 698
1 401
208 991
62 648
410 591
280 477
244 649
110 457
640 938
364 849
429 651
311 332
121 736
405 719
554 913
108 279
343 501
481 545
838 889
32 584
77 353
401 732
117 979
333 587
891 954
123 222
52 165
365 370
307 560
237 292
365 836
513 819
139 239
154 276
322 728
531 899
729 903
441 551
389 428
324 746
791 995
144 885
75 646
38 156
352 444
518 998
749 778
317 528
60 848
654 927
707 781
6 538
361 398
817 981
16 307
97 944
3 740
502 926
38 287
279 389
885 961
228 686
603 779
421 433
621 790
19 193
288 381
365 930
1 83
784 794
86 889
129 384
208 320
705 863
450 999
396 823
116 592
10 54
171 696
665 842
675 998
321 668
116 348
109 508
40 945
269 414
222 867
236 933
794 828
456 550
92 141
3 873
266 529
32 297
199 523
45 408
375 444
110 573
139 969
706 823
3 165
170 768
411 955
84 201
201 981
142 587
220 517
51 168
126 452
365 612
514 797
529 865
303 463
55 670
91 231
514 759
858 966
751 808
255 538
504 893
187 664
68 869
44 770
674 791
54 113
57 622
658 788
196 641
50 472
456 613
452 958
23 899
140 355
422 597
56 701
24 106
353 971
68 712
448 510
154 919
496 715
550 896
797 866
145 242
158 739
765 868
425 981
345 738
560 806
10 437
134 209
135 918
98 975
676 958
258 455
14 482
52 917
260 422
620 904
342 859
44 761
608 760
699 977
552 735
174 513
501 548
643 754
283 449
175 387
229 540
233 571
271 752
165 499
175 301
67 328
172 950
40 801
436 756
117 606
364 675
280 934
175 296
432 744
138 530
64 290
635 955
718 843
353 931
683 922
81 725
194 531
191 396
252 273
114 629
306 324
639 974
210 608
18 741
28 841
275 850
783 871
669 974
112 243
364 956
732 763
419 710
810 851
75 108
241 263
39 927
540 649
51 947
78 965
342 760
829 917
78 951
295 754
389 997
5 982
259 631
519 601
691 713
446 892
4 677
63 686
531 921
38 587
367 567
108 582
187 887
555 925
47 806
399 938
416 975
45 495
344 883
657 854
673 907
55 571
395 916
896 964
99 833
109 702
193 813
475 567
377 986
122 939
84 273
152 207
41 898
693 992
406 682
851 912
378 674
152 837
542 627
303 778
24 734
67 332
303 994
749 783
1 218
380 875
166 978
605 819
225 921
484 515
73 770
125 737
218 811
170 973
286 426
84 580
880 918
758 966
146 285
88 540
514 631
534 681
87 716
309 565
5 855
330 855
474 848
850 978
173 370
82 931
272 559
283 576
655 727
36 705
113 904
150 947
449 602
977 995
71 834
62 470
399 512
709 998
169 497
220 272
330 680
289 833
194 645
232 483
532 922
299 322
694 994
61 498
78 149
23 910
150 349
303 805
61 867
895 978
14 228
672 914
178 299
254 724
124 449
21 715
179 645
115 823
304 797
510 733
613 748
221 274
516 672
79 90
117 805
75 412
378 737
401 643
308 755
137 997
179 613
371 837
486 520
645 743
453 656
366 573
551 618
399 750
555 612
207 951
177 641
593 804
385 711
258 327
15 155
295 873
442 512
561 888
857 991
447 757
526 712
332 603
434 847
416 431
107 431
240 555
469 782
142 758
227 564
470 555
22 748
122 424
362 393
387 831
408 977
624 893
131 887
159 302
221 932
817 916
882 998
208 807
894 903
324 534
565 735
332 925
631 823
61 99
910 973
98 622
593 678
702 785
448 995
130 775
174 966
356 359
507 670
364 674
39 672
510 525
706 740
96 415
374 481
345 361
233 442
629 836
58 588
571 723
321 755
715 925
427 896
548 774
181 983
517 853
508 736
217 623
332 794
390 620
27 209
509 758
658 772
663 675
502 639
38 53
251 439
126 872
123 723
335 704
554 559
308 927
238 292
131 735
173 488
92 736
207 393
54 946
104 846
36 117
347 577
129 923
124 260
223 259
314 531
38 995
113 795
174 620
235 967
5 215
713 766
386 691
248 556
133 649
166 947
88 517
488 575
795 953
591 707
54 265
501 642
118 241
84 873
56 148
625 901
5 802
316 946
428 586
436 492
727 958
252 707
64 805
470 833
592 989
808 937
196 408
178 607
379 539
848 867
8 911
74 516
217 758
292 746
131 476
294 592
504 632
777 945
587 708
340 359
430 616
114 129
258 526
568 749
586 879
319 955
209 354
622 829
120 155
427 812
234 422
203 793
688 984
77 814
97 520
40 962
94 856
188 571
540 795
258 857
416 722
478 998
105 698
74 744
282 899
67 833
577 917
333 702
267 886
680 727
190 980
323 686
301 932
485 556
865 902
363 453
424 896
353 866
415 643
513 660
93 137
142 686
757 955
607 829
639 967
905 955
294 724
190 297
793 807
246 950
54 285
290 321
911 950
67 235
422 839
536 642
900 927
443 574
851 879
386 635
146 986
323 959
467 885
101 626
418 681
54 464
368 753
546 883
63 592
112 620
142 626
161 368
231 760
389 570
109 726
154 623
196 288
131 253
62 355
141 802
318 482
599 938
548 874
286 433
586 971
29 39
38 279
128 170
466 902
735 877
92 925
23 508
107 134
434 997
116 751
315 631
49 995
223 680
318 647
5 154
224 686
191 358
377 920
104 777
295 996
144 805
49 283
22 125
336 516
30 398
333 687
528 919
532 755
257 543
930 957
169 723
557 959
375 822
102 601
113 725
90 612
382 793
5 876
352 716
363 503
702 773
451 851
262 815
283 742
485 656
227 635
400 698
28 488
226 377
443 749
454 844
418 782
747 860
353 562
634 998
46 297
176 697
374 445
169 920
259 300
65 330
235 306
517 750
684 992
118 715
209 996
131 532
114 610
248 500
233 849
90 842
482 870
170 642
208 969
127 946
469 747
241 318
364 835
213 634
325 824
453 785
517 842
644 695
729 890
171 481
737 824
71 318
303 434
29 400
630 995
653 986
59 393
129 919
8 428
438 857
739 781
334 509
91 704
102 640
564 910
751 851
217 425
13 320
476 825
517 618
487 941
96 826
104 580
201 948
420 675
14 644
334 803
275 691
125 341
57 80
418 482
122 557
484 540
899 961
51 524
850 984
292 540
509 750
207 271
40 703
542 792
172 866
46 298
381 580
625 762
334 668
496 803
63 978
239 850
298 829
492 553
724 888
835 841
1 736
39 498
687 800
222 983
22 948
416 451
185 354
167 193
602 679
218 796
470 930
236 642
513 973
229 347
165 599
510 867
253 875
994 996
523 979
99 719
115 124
299 615
206 210
5 770
465 510
35 218
565 650
856 943
33 592
320 948
476 716
276 742
219 387
180 703
146 589
0 947
517 871
184 382
201 509
425 868
672 710
150 851
592 644
98 904
164 895
593 706
139 181
308 642
480 827
22 274
478 795
292 808
365 960
442 806
137 932
405 620
148 711
604 871
118 151
497 948
709 785
343 828
138 146
622 728
157 421
406 803
117 411
262 507
231 435
387 471
535 840
92 117
76 335
228 290
187 707
238 378
449 504
162 329
605 714
464 970
109 446
197 374
745 824
238 755
55 724
100 645
243 370
393 766
678 735
479 960
111 933
129 286
210 692
535 554
58 169
126 334
170 458
407 532
301 639
249 733
589 802
177 280
330 940
362 542
541 866
207 504
217 488
332 598
23 126
616 718
567 654
281 618
144 528
706 899
207 330
274 839
393 605
894 991
628 728
229 618
709 829
11 850
273 936
132 897
493 605
269 623
135 815
302 860
132 937
297 972
9 797
216 327
883 893
291 885
357 784
58 606
52 840
803 881
89 965
641 836
251 491
14 396
35 456
96 754
719 798
36 315
288 322
601 797
626 979
482 805
139 506
182 967
690 809
255 971
297 347
574 852
128 516
389 860
32 125
71 555
440 991
43 568
372 558
112 689
440 711
129 143
145 821
672 821
679 841
572 683
211 597
559 718
76 649
3 973
526 614
121 991
188 829
135 279
315 869
100 603
177 655
186 863
430 824
228 433
283 481
378 532
566 897
169 437
503 798
363 518
668 861
276 853
374 887
158 822
385 715
11 389
271 477
358 612
443 723
553 768
491 858
68 393
87 967
333 710
49 991
324 471
547 938
256 484
631 962
155 831
29 636
292 671
199 511
119 233
490 867
142 461
14 152
86 118
475 736
622 723
99 953
464 903
682 994
309 351
326 648
568 801
151 186
429 588
151 994
240 714
389 979
407 962
26 794
33 486
34 626
35 641
77 166
53 54
739 865
23 901
302 375
840 978
81 457
644 864
562 575
67 576
278 610
322 920
821 973
334 416
386 443
386 946
64 520
810 948
246 541
31 860
342 660
366 527
534 885
181 431
730 994
597 913
375 450
109 410
645 797
753 760
255 607
9 266
305 999
215 879
68 841
187 556
39 761
523 855
150 724
832 841
177 943
569 686
889 897
40 977
358 772
74 754
339 397
511 844
667 833
257 869
557 956
172 683
555 836
108 997
255 853
416 438
566 851
20 976
574 896
472 827
544 602
423 469
159 964
241 312
216 564
727 826
19 523
294 782
751 890
167 683
146 571
41 459
881 952
310 311
161 183
573 576
9 953
92 542
584 634
765 857
65 885
132 593
356 454
625 848
543 677
3 400
257 362
722 822
82 229
15 181
54 667
178 335
12 195
671 903
41 781
238 809
286 626
248 776
485 684
731 943
352 806
439 968
653 869
469 897
340 395
24 598
453 760
252 315
47 240
166 758
193 224
46 448
310 443
322 611
56 753
235 531
156 608
644 737
34 174
342 511
262 750
515 934
95 887
67 416
589 906
10 151
188 796
119 230
386 880
624 853
617 716
342 916
215 452
484 489
635 951
234 608
75 403
140 939
634 920
135 656
511 804
208 983
253 301
168 381
174 944
431 610
61 659
468 524
769 891
533 999
248 822
447 829
40 833
505 786
40 651
781 994
23 753
148 237
142 627
519 595
391 780
537 565
808 885
711 846
565 620
680 903
260 261
393 880
909 981
528 753
671 874
101 389
19 425
416 871
461 997
566 862
597 687
29 240
144 294
299 939
333 426
139 867
211 955
53 407
259 897
99 951
613 848
635 713
341 949
417 834
70 648
297 501
537 748
70 762
766 967
157 543
334 816
63 922
571 950
237 631
316 534
72 145
696 913
194 400
608 617
41 74
396 484
93 955
167 256
627 728
396 403
206 458
496 658
277 554
537 712
242 909
204 761
528 669
91 699
843 928
109 165
336 465
12 584
121 223
300 823
122 971
50 247
147 203
36 840
29 851
738 876
142 275
105 229
241 650
293 388
351 571
83 108
201 236
73 247
508 677
193 493
229 627
22 782
663 672
122 607
840 887
333 795
566 754
584 861
183 783
807 831
224 520
114 199
472 744
256 535
111 320
119 403
341 939
127 863
434 915
179 548
668 823
454 866
467 712
293 817
908 982
44 466
99 623
478 579
542 997
252 804
501 785
821 899
147 434
347 726
480 554
488 757
207 594
82 390
603 980
285 321
382 626
54 459
132 833
248 315
153 958
374 465
811 949
660 672
267 602
526 915
87 195
129 391
183 791
170 808
420 580
848 916
113 423
397 425
534 641
289 399
290 754
437 970
733 917
818 909
101 672
246 781
48 488
97 865
145 543
650 925
472 514
358 630
116 223
399 550
263 856
515 847
175 221
864 986
376 517
701 886
442 763
28 292
228 765
577 975
203 435
111 446
111 150
140 304
149 162
304 373
272 710
360 456
488 772
18 997
390 584
385 704
519 660
291 347
504 519
568 977
872 987
24 373
211 891
89 937
268 429
112 577
93 434
458 956
89 473
490 814
58 345
447 536
435 581
522 781
72 643
481 752
443 730
251 512
11 18
123 744
383 488
293 319
665 857
337 888
378 943
29 677
191 892
330 457
113 184
307 387
320 610
6 176
531 806
108 793
115 661
382 432
74 239
118 196
84 389
18 56
50 533
113 253
163 374
57 680
223 569
486 855
59 601
57 619
384 928
609 694
74 894
295 723
322 856
58 261
87 147
283 651
230 769
93 709
528 774
268 795
270 995
301 519
87 297
241 348
63 387
93 919
369 491
503 677
527 761
270 870
230 738
358 486
91 743
302 817
888 932
30 784
669 780
255 954
218 775
35 307
341 739
319 652
91 336
840 857
394 436
560 871
28 938
121 749
270 991
573 735
150 306
31 414
56 130
201 868
465 857
392 571
12 192
204 610
482 827
568 882
503 832
259 588
662 664
75 117
285 663
145 454
532 703
188 622
619 904
693 929
17 324
45 127
432 770
415 868
841 928
960 975
614 897
16 871
280 525
16 808
729 762
420 657
423 914
135 297
195 544
181 354
314 885
63 945
200 380
250 306
241 870
181 876
428 738
0 961
369 570
57 671
145 476
101 639
724 971
260 731
598 666
234 842
124 730
521 995
65 76
257 530
295 365
365 780
50 140
175 891
205 681
517 744
210 351
348 563
3 629
75 945
558 902
12 767
99 136
200 278
53 437
152 682
471 736
223 997
305 730
436 509
436 558
456 969
114 683
297 564
44 443
151 462
222 321
668 761
112 245
214 688
352 377
479 585
124 895
87 169
111 747
600 847
49 269
325 713
457 479
204 236
390 611
525 852
57 641
150 246
555 872
353 415
791 799
248 442
325 707
235 271
65 476
23 961
434 885
304 337
330 906
423 587
244 498
674 931
903 949
148 534
422 683
309 896
389 940
408 473
916 963
154 414
85 189
279 818
626 918
430 534
369 602
244 961
320 511
402 628
627 717
284 729
459 833
524 527
14 385
598 826
38 969
89 411
107 574
140 424
356 557
349 888
587 745
67 383
244 643
811 936
104 526
93 181
340 928
896 929
126 988
138 189
284 777
348 718
223 763
768 952
706 849
199 451
559 591
245 499
252 616
12 937
168 741
343 659
472 563
403 870
26 180
159 622
315 616
270 586
31 777
114 963
274 750
472 857
176 817
264 327
32 330
323 541
456 806
1 953
68 231
66 81
217 502
715 827
114 351
392 402
78 508
519 944
224 998
426 887
47 788
548 713
679 708
561 844
4 128
387 457
469 803
387 953
483 766
413 508
636 657
724 785
292 742
160 326
494 930
377 823
342 951
472 714
295 561
549 692
152 879
509 643
800 868
52 63
787 901
820 898
54 794
398 684
721 820
20 697
286 591
359 811
576 763
117 947
58 966
319 654
686 788
143 156
305 354
54 864
96 675
578 631
113 249
41 867
591 918
60 588
738 746
767 798
19 349
294 859
608 965
409 894
59 273
209 842
167 921
242 798
866 908
226 914
590 909
297 917
5 184
174 210
299 313
632 832
292 840
428 570
268 719
42 486
38 427
32 622
692 801
913 979
35 815
178 537
291 979
466 561
235 593
30 462
133 513
492 549
261 654
410 759
932 980
205 911
154 337
251 430
112 766
130 710
334 866
268 688
410 919
799 970
487 756
377 862
730 940
821 942
113 603
491 942
381 975
67 267
125 284
236 468
391 605
803 988
286 970
336 626
461 753
723 836
888 940
924 928
207 412
30 770
58 461
116 318
202 205
93 135
721 812
539 627
799 913
369 624
229 362
187 936
119 963
681 778
595 810
34 570
512 805
290 914
302 700
625 925
45 913
193 981
4 525
10 225
676 860
295 396
795 976
63 455
66 638
574 927
329 357
143 230
364 917
732 968
176 498
648 943
228 804
470 977
533 618
406 692
427 811
701 776
168 220
539 661
337 577
108 340
670 835
42 309
266 778
13 469
260 265
19 66
425 572
454 702
563 746
573 785
662 858
52 968
60 493
935 995
70 835
295 377
192 376
404 720
158 513
677 860
229 575
238 757
730 976
206 887
369 958
513 980
252 368
227 454
374 665
202 438
98 938
127 254
499 922
183 883
124 675
488 635
85 422
357 394
56 289
227 942
358 780
548 813
425 585
355 761
84 896
742 933
38 173
309 696
526 842
427 985
299 830
792 999
729 819
412 999
52 185
229 412
516 895
57 127
613 670
5 366
44 931
236 594
792 993
144 797
387 568
802 918
326 538
45 930
42 602
365 374
25 944
378 700
142 856
509 957
271 618
695 847
772 838
212 825
72 804
193 928
135 187
48 521
503 531
2 200
550 994
408 946
237 353
238 465
530 912
106 185
225 356
412 682
12 131
618 878
657 738
222 479
278 757
687 720
213 901
258 834
54 435
480 921
522 660
151 553
238 569
302 327
94 830
93 792
563 751
748 820
772 797
870 952
87 570
149 743
203 994
242 455
655 995
123 359
301 660
165 878
11 93
121 965
518 638
187 574
685 818
374 463
83 265
369 590
437 925
793 915
353 972
214 513
688 961
225 542
60 101
153 690
441 818
75 980
127 298
950 959
227 948
765 919
119 551
393 921
538 821
41 696
460 934
62 737
234 372
211 552
374 938
646 741
677 915
344 460
534 662
429 983
262 587
559 674
112 778
572 777
825 835
112 935
33 465
189 305
249 889
431 526
152 696
335 554
137 299
582 738
108 760
483 881
378 614
137 626
282 339
516 808
362 745
367 686
388 917
457 639
308 457
373 613
429 478
60 185
647 835
450 726
502 929
593 755
212 539
462 608
200 922
406 950
605 944
318 878
451 522
127 227
826 867
534 646
205 451
144 577
652 841
93 264
420 682
6 327
26 664
449 733
442 467
41 786
154 320
446 692
65 634
338 752
623 807
524 693
62 337
440 793
710 851
536 594
2 201
38 709
115 539
42 912
204 997
189 903
150 613
432 825
427 708
32 562
763 774
785 995
33 292
180 779
12 761
225 849
496 822
834 881
528 761
90 971
133 910
587 963
282 970
185 564
236 310
356 391
529 759
408 803
294 779
577 825
179 777
136 859
168 477
518 733
846 961
333 721
509 617
262 351
52 87
103 131
28 205
261 601
3 676
285 867
212 870
354 916
218 384
269 384
136 524
148 304
181 319
34 489
358 636
583 608
675 863
344 695
539 784
700 992
656 843
48 651
211 745
403 990
793 797
39 353
19 764
77 976
353 513
223 302
471 981
102 633
749 805
43 168
631 778
567 633
468 533
396 892
37 877
102 711
524 526
10 508
83 473
123 810
189 848
587 999
43 933
420 967
582 978
268 732
26 553
163 758
725 836
845 869
37 961
142 640
85 354
190 850
401 829
644 944
846 950
256 658
62 989
543 713
203 906
15 247
213 282
11 321
693 897
51 754
293 684
66 75
444 832
52 112
219 385
278 734
206 368
319 768
26 426
625 839
864 907
199 640
220 457
63 942
369 674
307 432
170 710
703 793
120 706
332 953
374 641
186 738
479 581
164 439
752 786
508 942
301 450
196 250
749 870
265 519
388 893
392 777
494 884
576 735
786 934
105 557
24 154
287 365
101 141
589 824
47 572
182 813
210 422
236 352
159 836
20 728
97 989
217 567
249 777
306 450
343 533
283 526
641 724
169 312
626 685
119 356
836 978
126 773
463 540
249 552
272 915
276 829
370 644
51 325
161 176
244 428
587 929
917 963
342 926
651 703
270 788
358 491
306 665
11 291
424 928
207 277
711 806
42 600
198 218
91 585
711 916
53 893
637 854
447 606
797 984
51 875
308 895
303 768
388 656
86 661
473 834
38 650
332 653
665 900
156 821
305 973
310 764
185 608
246 851
285 626
67 216
295 792
754 771
355 987
314 339
124 191
603 624
611 660
746 956
31 421
292 604
74 213
177 452
179 349
139 512
742 931
583 855
81 839
348 622
714 864
97 672
4 446
258 268
446 771
182 364
169 214
50 449
201 692
825 871
788 969
156 973
76 352
799 849
458 667
578 660
7 757
632 752
208 660
113 481
846 916
139 157
399 600
127 746
429 751
140 217
157 636
386 933
131 759
398 959
606 974
229 756
253 409
663 939
219 639
287 460
841 977
8 443
661 679
206 609
56 583
196 278
782 922
503 610
165 407
473 879
203 770
190 448
62 782
443 872
519 989
256 932
445 489
24 543
100 874
20 760
9 781
88 908
154 996
108 572
186 786
235 915
0 500
627 954
380 709
349 645
43 329
224 913
520 536
354 906
544 819
255 730
618 946
238 345
267 983
211 825
14 352
545 764
285 815
547 679
314 852
438 836
568 901
157 172
762 846
90 914
112 944
394 439
155 715
201 707
284 761
478 644
383 467
704 749
220 990
392 926
0 919
498 909
520 605
246 491
290 432
50 782
210 320
331 404
443 928
250 740
303 359
561 997
132 540
303 888
67 303
210 950
206 663
677 841
11 882
40 480
408 445
47 218
453 711
530 574
220 398
712 944
255 662
273 891
52 378
580 601
443 988
550 960
554 822
98 188
535 686
183 535
124 194
48 809
680 718
734 847
223 260
271 501
60 471
280 536
89 310
250 945
818 874
87 651
523 954
269 450
734 840
203 412
7 414
647 911
423 641
88 971
25 27
182 314
239 924
529 611
114 940
141 596
399 693
255 782
787 792
207 287
641 675
133 999
39 329
160 402
430 776
346 620
334 396
444 955
612 717
304 654
380 797
852 887
78 954
281 432
12 636
245 854
394 860
705 979
599 719
222 911
377 428
233 579
36 986
305 484
125 239
165 582
427 874
262 922
713 919
9 695
228 769
135 256
295 764
82 284
309 664
77 327
793 890
11 313
12 656
558 958
415 521
426 810
502 778
599 752
138 311
31 588
160 329
562 938
596 768
84 103
294 537
159 921
180 429
153 544
28 259
378 537
674 716
18 438
600 800
25 652
650 880
562 865
714 776
83 827
34 337
266 933
60 693
629 860
37 171
337 640
648 775
64 620
27 192
94 575
433 649
183 792
15 82
19 263
522 836
174 983
352 942
666 823
600 757
317 360
824 866
893 986
17 737
266 693
251 560
419 583
383 643
769 928
88 154
212 468
590 630
686 898
718 747
120 366
61 81
296 617
897 945
100 944
178 448
614 934
893 955
580 595
264 907
53 828
210 222
576 622
564 891
638 835
24 165
526 638
65 991
417 587
338 459
211 963
62 750
127 276
38 832
222 643
259 399
433 648
552 665
386 804
581 608
15 390
28 982
77 267
16 751
275 884
215 647
235 491
388 974
400 744
19 958
777 919
587 739
45 564
142 918
51 400
8 525
524 970
198 669
62 798
56 370
77 157
175 271
97 114
286 936
30 613
316 801
283 874
73 645
868 975
905 924
131 699
436 716
602 649
271 285
671 943
280 945
152 827
692 902
506 622
20 231
131 519
333 360
239 663
343 481
13 928
47 549
896 927
630 723
328 926
575 880
594 660
44 629
105 338
611 786
681 896
311 344
97 647
467 473
293 602
366 526
394 552
79 868
207 986
271 874
74 477
10 371
770 869
243 517
338 814
744 762
67 850
203 777
760 837
546 891
59 643
158 552
665 673
289 982
105 935
495 798
188 444
143 954
529 533
6 103
204 611
243 264
56 491
676 772
24 985
111 883
288 394
453 714
184 218
367 669
189 362
479 705
301 747
647 949
99 171
942 982
36 764
95 966
351 969
382 402
48 702
568 636
99 683
125 524
535 906
6 265
78 646
586 661
585 725
212 818
702 829
325 692
494 857
187 944
203 594
292 913
669 934
165 622
125 992
287 430
94 991
387 981
624 699
214 815
267 482
554 699
42 655
184 629
599 992
96 119
434 650
3 659
348 613
419 851
230 589
279 447
214 855
362 480
397 986
238 729
499 837
621 871
842 958
148 591
151 237
22 204
424 740
116 858
323 870
328 882
182 260
26 636
195 257
255 285
152 717
17 977
699 729
703 885
163 580
272 742
275 789
467 772
141 619
292 353
382 663
321 504
633 826
218 435
34 748
100 251
154 766
111 850
223 257
104 158
352 863
360 797
338 597
538 696
270 525
130 749
159 165
542 663
361 450
681 733
250 887
272 661
121 196
136 158
174 478
411 573
422 608
145 709
232 416
110 969
586 868
246 745
203 822
57 561
72 715
384 535
414 869
852 862
540 920
324 455
106 219
696 820
39 63
460 787
39 747
45 545
635 946
49 427
198 576
713 721
339 841
709 774
284 721
299 452
131 137
186 493
116 564
888 891
158 317
205 245
627 680
306 969
436 812
221 243
481 900
403 864
482 605
533 644
18 605
229 791
281 611
678 933
330 718
927 931
215 307
61 367
189 598
733 744
26 130
255 473
337 904
681 740
506 850
428 768
410 590
136 786
632 761
42 993
345 683
233 538
487 922
58 288
219 473
236 534
604 627
143 894
520 949
516 606
374 643
562 781
907 939
277 369
300 866
631 881
158 668
338 339
218 852
524 849
181 688
306 380
379 424
524 756
26 562
75 687
420 995
150 230
298 717
395 710
750 919
232 280
390 946
347 964
186 200
449 657
198 873
775 997
278 765
232 608
240 855
513 588
9 75
481 715
533 963
422 516
427 541
311 394
236 720
283 396
227 869
236 291
498 885
239 480
544 564
862 995
2 468
844 870
127 769
270 758
365 672
906 974
70 139
652 943
157 706
332 780
82 193
229 650
252 833
22 249
110 790
904 957
848 980
416 794
618 637
273 942
319 935
186 623
347 794
42 983
328 335
16 95
64 641
128 895
219 284
49 666
269 900
498 994
55 982
357 480
700 812
316 683
506 880
707 776
252 792
289 869
335 934
708 984
599 778
588 872
270 784
163 530
110 755
741 984
561 635
31 557
360 960
118 621
562 681
107 464
973 994
13 298
42 417
727 729
136 302
52 694
119 928
571 651
510 771
356 664
802 831
81 291
234 586
86 512
42 586
383 757
663 722
473 639
272 816
479 772
331 764
669 977
11 294
118 898
466 673
198 386
154 684
171 970
400 419
419 838
650 986
346 382
245 864
4 982
33 682
58 504
381 828
227 821
450 639
42 671
527 736
627 946
541 610
190 796
746 991
221 556
235 313
492 813
33 450
122 185
219 245
278 470
546 616
198 622
255 756
396 921
295 781
752 974
252 871
317 987
96 570
77 905
173 894
638 707
166 670
238 374
256 642
152 427
333 409
358 362
522 732
128 205
433 798
175 706
59 790
433 661
72 892
277 318
494 880
216 704
27 777
306 580
435 788
208 500
93 171
189 743
62 113
257 743
250 854
368 369
313 594
508 659
134 504
863 918
621 992
315 600
406 942
369 786
592 821
717 772
158 649
295 327
316 339
482 866
289 769
178 495
826 966
186 766
818 825
98 253
173 744
392 913
200 359
300 754
273 856
216 350
64 637
50 77
50 112
414 699
547 736
63 834
82 759
131 634
225 748
619 668
889 998
38 622
314 354
459 891
88 941
34 160
624 908
809 820
270 290
374 698
715 743
425 446
138 422
332 523
435 622
685 828
601 764
443 719
483 698
7 691
13 946
362 629
48 103
777 783
721 880
40 228
307 507
420 680
647 752
40 698
219 489
164 229
66 535
199 476
496 663
824 927
234 957
609 833
41 736
356 984
173 491
366 735
471 821
414 709
693 801
727 947
221 732
141 744
348 773
41 156
57 371
281 666
406 874
175 370
199 596
56 132
33 756
22 370
13 558
221 873
36 579
188 919
555 595
769 834
368 879
154 990
360 956
645 936
906 958
758 810
727 957
53 468
353 517
334 720
639 761
90 787
40 665
296 453
383 469
611 769
195 270
128 866
505 635
242 888
341 640
664 941
485 644
319 932
293 828
395 539
85 808
855 857
391 739
570 722
167 234
342 612
637 857
87 579
102 348
520 825
531 974
199 334
199 836
27 153
46 434
52 858
104 281
752 757
232 541
92 109
726 801
299 613
174 277
834 864
410 723
808 998
544 630
197 644
238 841
256 455
259 937
70 323
187 406
173 950
766 960
14 837
207 546
10 604
57 275
289 687
779 828
210 861
677 875
350 742
108 422
189 477
282 413
164 514
661 672
304 662
347 955
10 422
155 641
184 861
356 471
427 759
135 820
275 509
395 570
191 777
23 774
207 312
70 673
515 861
906 922
10 629
188 251
539 803
13 883
477 500
280 952
348 692
766 954
227 536
311 867
347 937
81 996
61 415
224 639
166 319
127 282
233 262
50 911
258 828
782 958
27 882
145 732
44 699
174 200
304 707
210 703
254 655
546 917
860 983
97 478
102 294
440 689
430 947
87 608
357 379
371 575
249 734
548 901
41 652
0 22
369 929
301 851
248 806
836 867
250 925
320 931
732 829
582 835
316 806
43 792
401 802
398 455
85 217
31 115
46 161
453 508
260 994
350 572
183 310
115 497
172 869
141 245
166 547
44 514
545 697
154 281
309 622
683 802
100 477
374 959
198 498
249 660
62 868
279 429
271 967
97 884
564 821
502 519
152 887
478 743
167 194
777 879
71 140
34 147
186 608
111 767
129 261
352 460
617 845
422 475
489 806
769 845
510 651
39 370
97 308
130 376
11 173
137 444
363 573
211 444
255 266
408 611
333 361
278 721
581 588
725 972
106 988
438 483
171 690
55 603
547 693
654 873
27 409
664 925
46 185
569 971
388 661
801 934
258 635
136 851
185 258
661 803
614 662
451 895
56 648
62 981
385 554
542 762
33 587
518 649
513 854
930 983
215 840
257 691
82 611
242 322
562 625
740 891
211 532
263 395
307 909
31 439
117 362
513 791
560 983
20 207
259 761
41 567
254 668
61 80
126 617
237 658
57 600
169 959
434 585
18 253
839 881
56 702
328 859
302 692
325 911
222 456
601 699
731 893
87 163
271 654
271 981
410 451
495 721
185 450
247 620
356 579
222 652
676 743
126 313
778 892
65 247
190 794
336 345
702 813
86 293
184 272
117 348
197 717
74 484
390 830
553 594
334 762
581 639
594 616
12 587
65 569
97 294
506 767
282 653
10 269
252 963
144 918
353 420
246 562
632 898
37 835
240 313
317 587
359 555
923 946
220 711
120 653
63 692
101 922
545 948
29 715
536 847
60 405
257 264
36 862
12 165
762 786
807 963
664 714
113 939
214 249
430 842
362 764
559 656
359 585
886 915
155 426
451 923
470 942
558 662
325 910
159 342
242 285
150 448
387 488
259 647
697 835
120 372
581 765
91 588
99 429
238 548
172 344
163 942
67 433
116 587
191 937
221 646
392 902
457 617
563 639
342 401
99 917
290 484
160 734
304 784
499 983
273 502
47 980
391 883
72 922
178 328
349 562
610 777
12 934
371 499
791 843
273 787
13 842
101 814
193 685
631 758
189 250
240 882
301 817
530 666
100 913
57 564
865 936
265 635
347 840
34 727
527 952
123 557
753 806
536 783
221 510
412 659
418 604
259 943
257 499
301 397
658 786
922 984
546 594
55 734
350 463
183 912
617 654
28 848
640 794
8 284
800 964
637 691
629 959
301 737
709 912
518 612
301 949
170 480
187 682
111 492
826 933
405 746
274 587
168 194
442 874
444 740
542 944
386 952
164 217
235 543
350 486
413 589
562 679
170 476
458 700
501 826
100 836
83 304
610 888
279 931
211 368
539 662
644 824
402 481
677 858
628 652
469 676
26 596
290 678
743 944
110 979
166 401
52 884
481 511
15 618
205 387
296 609
312 507
180 966
156 361
30 780
358 667
862 932
782 912
474 720
130 541
307 907
514 721
138 413
410 884
497 959
422 989
88 735
251 620
684 852
286 582
678 874
646 817
649 963
167 268
183 864
164 350
368 485
107 150
175 200
266 632
503 609
161 364
377 400
280 776
277 352
276 402
353 564
97 762
395 938
44 354
251 482
425 568
291 515
375 900
185 612
42 74
297 772
375 708
401 714
305 583
117 254
191 442
284 827
264 647
283 770
203 562
492 866
631 707
711 922
420 555
128 651
305 541
543 869
204 668
298 419
638 770
361 845
282 890
76 313
330 473
77 375
2 615
605 918
11 575
468 742
755 924
224 770
233 685
282 394
194 253
953 994
436 458
526 579
404 732
823 960
327 594
7 341
627 961
189 882
173 303
389 971
419 784
622 761
251 337
378 435
138 928
166 963
219 420
6 404
719 989
37 408
174 891
385 432
688 763
855 916
450 876
661 996
172 873
452 888
562 599
146 852
531 713
230 929
801 824
107 128
412 814
572 753
772 926
25 636
449 493
616 987
417 918
601 930
735 974
211 862
281 786
352 989
107 940
621 715
622 726
735 888
792 951
126 500
688 722
203 380
6 235
37 920
599 950
626 986
427 988
78 807
156 523
361 486
111 632
159 334
440 925
241 535
113 166
748 942
123 435
350 899
139 709
153 833
354 510
371 511
546 874
304 778
324 687
869 925
799 919
519 585
54 799
86 97
400 752
176 270
492 896
839 898
769 991
438 548
420 504
52 372
719 809
351 685
804 864
95 295
122 706
301 779
613 906
711 941
502 848
241 395
249 971
25 810
212 431
346 856
110 211
258 820
319 933
343 646
75 843
153 891
491 706
453 571
543 859
495 592
270 385
124 800
71 319
785 839
413 813
666 701
49 123
94 554
15 137
126 780
33 542
252 539
571 647
304 429
680 720
253 564
560 918
727 853
812 896
328 441
733 773
34 686
107 276
640 806
57 381
398 633
87 441
623 801
418 669
529 922
190 461
335 484
450 854
323 403
615 853
272 568
281 665
277 371
5 16
265 808
309 375
345 674
504 990
467 856
43 665
244 919
137 598
439 985
716 719
344 798
244 556
399 781
644 889
552 618
544 592
150 420
686 939
203 820
235 718
809 987
528 688
97 247
686 801
511 922
114 616
574 693
76 884
54 484
458 550
653 756
109 293
455 747
524 819
708 809
745 784
75 160
913 950
53 130
192 981
78 610
454 632
34 835
245 640
506 975
34 759
61 353
70 149
16 242
512 925
810 909
263 390
134 894
631 996
163 235
719 745
203 750
512 911
564 857
91 822
824 826
49 919
393 804
465 894
835 853
60 862
161 728
754 822
125 678
392 980
802 972
57 249
412 753
93 511
100 186
802 821
386 562
831 834
290 779
371 420
72 406
241 805
526 814
916 973
149 611
547 884
36 892
231 340
299 476
492 856
606 765
535 615
216 699
513 989
486 989
45 312
254 436
446 459
681 825
6 282
556 759
48 769
843 867
25 865
214 867
67 774
192 209
485 736
177 459
260 973
597 608
421 858
75 218
439 833
548 768
238 824
304 891
135 908
344 752
152 925
416 848
78 216
232 298
693 904
23 393
183 338
307 526
524 536
297 377
321 586
122 975
483 887
499 864
583 765
635 789
125 357
868 909
125 637
285 401
432 480
415 605
97 336
530 705
793 885
606 671
341 504
763 824
299 497
321 989
467 951
29 813
180 341
136 278
259 779
465 654
487 791
576 745
389 988
350 515
52 703
57 716
178 255
120 709
709 929
223 696
48 979
508 916
75 456
167 228
596 630
159 695
321 843
439 625
427 814
315 755
481 921
28 383
131 663
377 898
124 644
377 670
250 692
795 971
27 42
77 213
501 624
274 472
293 704
99 711
824 968
821 949
717 739
645 917
278 973
670 676
225 831
101 558
412 668
140 705
676 705
701 744
89 91
187 465
41 608
34 891
455 834
687 759
145 736
43 908
511 820
199 928
207 866
279 862
240 916
340 478
294 618
252 282
175 957
466 962
799 908
166 851
223 298
1 871
118 867
195 633
285 334
27 143
213 588
258 791
627 683
145 693
300 901
161 248
620 651
10 299
295 356
455 589
59 63
340 620
53 151
560 750
46 583
615 690
365 397
573 666
479 837
317 666
108 407
408 629
384 757
103 550
165 437
360 933
311 895
483 561
600 668
503 963
663 915
71 330
283 373
389 511
859 996
751 919
348 991
434 551
132 270
99 934
392 948
538 793
127 499
468 678
515 902
149 945
232 279
752 924
358 514
595 651
329 660
46 759
186 243
178 701
48 362
101 268
73 935
256 673
207 272
546 701
475 958
5 834
672 969
147 648
334 732
42 121
66 949
1 402
418 595
11 149
296 584
447 951
14 173
72 289
603 877
366 973
681 970
72 354
517 981
353 742
112 530
257 377
69 991
103 803
356 592
507 700
61 887
331 606
536 565
233 718
700 718
539 902
671 915
657 843
437 579
250 741
20 54
332 817
61 430
486 973
833 974
184 663
115 469
398 875
33 583
67 119
275 277
82 891
186 563
355 586
72 709
614 764
264 870
146 348
356 439
25 640
447 533
171 675
117 125
600 940
8 996
231 645
51 519
644 816
495 586
439 928
19 450
301 845
441 654
694 849
32 296
291 936
433 631
85 402
472 558
147 226
175 650
260 956
319 964
419 426
142 995
5 799
357 420
447 986
383 386
125 127
714 752
124 745
837 849
113 734
447 627
457 943
594 759
26 658
533 990
604 641
205 671
568 616
525 748
14 206
167 437
422 527
610 843
662 711
213 238
716 968
212 739
333 886
335 642
128 671
755 982
712 851
47 390
142 433
603 900
12 621
607 910
141 278
358 936
157 225
354 612
868 994
99 838
155 698
690 938
182 916
692 858
457 959
176 923
169 942
218 304
575 687
67 213
120 188
191 454
386 971
344 629
581 966
28 827
432 981
468 619
8 558
476 847
264 777
74 807
569 861
423 757
89 782
206 701
574 946
153 252
118 203
341 820
46 492
764 882
745 967
182 330
264 572
89 696
324 926
272 524
105 423
376 854
13 556
439 522
975 997
9 385
39 185
97 721
514 681
195 956
34 472
487 932
92 382
845 907
157 294
250 511
177 273
68 733
23 895
384 401
286 778
827 899
41 868
290 880
474 792
741 780
766 890
641 674
238 943
83 622
189 988
647 818
647 836
238 287
686 689
870 898
522 529
67 298
145 162
87 194
192 779
166 419
330 827
700 719
163 402
916 925
395 839
92 223
131 440
412 702
189 917
249 594
389 869
117 627
217 662
716 720
784 853
222 886
268 994
338 746
625 677
784 874
114 207
499 533
27 959
289 536
83 216
150 206
586 711
374 542
734 864
116 729
394 491
474 840
24 705
109 900
636 845
210 230
861 900
110 679
450 596
320 911
663 832
144 729
58 623
274 641
500 619
49 555
756 817
715 805
292 305
445 549
470 998
199 740
550 657
221 722
66 121
154 405
52 495
50 464
198 829
395 994
305 755
111 766
269 743
346 708
502 552
12 505
429 890
618 893
644 647
54 58
725 867
904 905
356 532
291 934
70 935
140 587
517 568
546 933
144 301
603 870
711 901
420 513
357 566
35 510
169 988
318 960
301 995
63 353
211 802
373 574
111 837
163 371
243 772
117 931
195 547
437 996
13 977
284 917
402 515
231 272
370 835
235 969
269 559
41 949
502 508
7 25
504 913
311 872
342 504
160 445
191 496
292 778
367 775
495 892
309 537
118 415
51 420
512 528
665 796
476 877
51 740
87 609
761 970
127 671
372 456
54 220
299 404
382 600
609 824
203 914
309 851
559 759
417 788
128 161
257 685
121 685
380 672
36 418
43 930
271 483
164 998
174 306
672 818
350 605
293 391
306 465
565 844
518 592
527 950
75 918
628 859
297 581
324 703
127 361
430 747
232 516
297 787
509 699
782 817
3 992
228 394
126 989
163 970
878 890
203 376
554 907
238 752
352 990
480 765
406 458
319 993
26 110
194 680
142 734
243 757
285 887
30 476
46 949
88 952
151 468
468 736
212 433
540 658
36 920
99 752
776 851
176 306
598 971
754 824
311 888
322 498
323 629
154 422
280 729
189 651
291 370
313 763
299 721
475 555
974 981
611 710
635 871
170 778
777 822
8 181
20 232
463 769
7 973
139 676
650 993
350 574
24 599
170 982
538 732
183 332
38 509
249 283
590 933
211 233
138 620
11 785
85 110
324 440
152 979
303 338
5 43
182 940
303 365
429 481
536 989
54 297
327 726
848 897
710 919
534 782
353 566
51 215
61 619
253 885
160 622
186 581
575 722
113 129
458 489
166 514
348 370
514 926
64 979
154 811
259 657
552 755
